[{"id": 0, "img_name": "002401", "width": 960, "height": 540, "position": [5.498454440776295, -0.30951275270616235, -2.3151101429107204], "rotation": [[0.9816442595471429, -0.010615475274060643, -0.19042546936491314], [0.01370868974770066, 0.9997945066383583, 0.01493373098601877], [0.1902278095430396, -0.01727009497563049, 0.9815880624253689]], "fy": 582.9429472555296, "fx": 582.9429472555297}, {"id": 1, "img_name": "002402", "width": 960, "height": 540, "position": [5.4700614488558745, -0.30120083775264317, -2.2943794873858407], "rotation": [[0.9818669276809491, -0.010682799684950674, -0.1892702145538629], [0.013643524656004158, 0.9998039927287788, 0.014346789137399613], [0.1890798523411077, -0.016668950611337798, 0.9818202256646487]], "fy": 582.9429472555296, "fx": 582.9429472555297}, {"id": 2, "img_name": "002403", "width": 960, "height": 540, "position": [5.412054295153949, -0.2867417135526481, -2.2530434746592425], "rotation": [[0.9824992563286603, -0.0105825851242311, -0.18596564254108333], [0.013236984714586432, 0.999827385060903, 0.013037726716831522], [0.18579556924021462, -0.015271181171257838, 0.9824697437968963]], "fy": 582.9429472555296, "fx": 582.9429472555297}, {"id": 3, "img_name": "002404", "width": 960, "height": 540, "position": [5.378753155489063, -0.28302106358434076, -2.2314039046497762], "rotation": [[0.9828687926082578, -0.010427698487499935, -0.18401141165981943], [0.012967506562455372, 0.9998364723259248, 0.012604458750893378], [0.18384988520621495, -0.01477469834223655, 0.9828432876092492]], "fy": 582.9429472555296, "fx": 582.9429472555297}, {"id": 4, "img_name": "002405", "width": 960, "height": 540, "position": [5.296828813548618, -0.2763309563952061, -2.1993044163635584], "rotation": [[0.9836032352794871, -0.010751991247885668, -0.18002519332563255], [0.013129133742703676, 0.9998415823636849, 0.012018153920159478], [0.1798674550742635, -0.014184669918184031, 0.9835885795109762]], "fy": 582.9429472555296, "fx": 582.9429472555297}, {"id": 5, "img_name": "002406", "width": 960, "height": 540, "position": [5.2559272553493095, -0.27411314477993637, -2.1778272421790317], "rotation": [[0.9838825859088072, -0.010743756410611769, -0.1784926576741694], [0.013094582666913056, 0.9998422832259538, 0.011997523839992754], [0.17833560791434272, -0.014141441641546057, 0.9838680961277891]], "fy": 582.9429472555296, "fx": 582.9429472555297}, {"id": 6, "img_name": "002407", "width": 960, "height": 540, "position": [5.17771561889543, -0.26698862740523366, -2.133854623870878], "rotation": [[0.984505276984371, -0.01050042714908072, -0.17504028284830261], [0.012718169956087046, 0.9998523780684249, 0.011552931397864131], [0.1748931323491435, -0.013600113992261926, 0.9844934886308302]], "fy": 582.9429472555296, "fx": 582.9429472555297}, {"id": 7, "img_name": "002408", "width": 960, "height": 540, "position": [5.133086767453499, -0.2667198553537975, -2.1142096323731514], "rotation": [[0.9848412047746775, -0.010406202101209794, -0.1731459278637259], [0.01257780837716164, 0.9998553425279452, 0.011449574435438283], [0.17300173442595654, -0.013453808983110183, 0.9848296273515825]], "fy": 582.9429472555296, "fx": 582.9429472555297}, {"id": 8, "img_name": "002409", "width": 960, "height": 540, "position": [5.0434880852153805, -0.26446107255203377, -2.0698447979400343], "rotation": [[0.985466025748957, -0.010687599547240528, -0.16953609441789655], [0.012786238432762423, 0.9998544936619749, 0.011291749673824897], [0.16939074414293318, -0.013295364601002847, 0.9854592883923872]], "fy": 582.9429472555296, "fx": 582.9429472555297}, {"id": 9, "img_name": "002410", "width": 960, "height": 540, "position": [5.008059783205529, -0.26396217942278316, -2.042913012568101], "rotation": [[0.9857480304104849, -0.010485301591494014, -0.16790139663619624], [0.012511826154441363, 0.999861037273074, 0.011016367345618555], [0.16776255466620352, -0.012960115499021865, 0.9857422384468066]], "fy": 582.9429472555296, "fx": 582.9429472555297}, {"id": 10, "img_name": "002411", "width": 960, "height": 540, "position": [4.917855859969071, -0.2659942129831838, -1.9977533954286808], "rotation": [[0.9864219262735422, -0.010131812843986265, -0.1639180579902325], [0.012038234796660824, 0.9998709152695385, 0.010641132507213314], [0.16378908470888792, -0.012469930494996447, 0.9864165634069993]], "fy": 582.9429472555296, "fx": 582.9429472555297}, {"id": 11, "img_name": "002412", "width": 960, "height": 540, "position": [4.871524781816862, -0.26595740873246976, -1.9775376864213574], "rotation": [[0.9867379094890334, -0.010164422139867544, -0.16200303237833139], [0.011990851399657897, 0.9998750541207853, 0.010300273281234635], [0.16187809444122897, -0.01210622441223375, 0.9867365007288202]], "fy": 582.9429472555296, "fx": 582.9429472555297}, {"id": 12, "img_name": "002413", "width": 960, "height": 540, "position": [4.789585097308505, -0.2709801737513259, -1.9309278549001483], "rotation": [[0.9873343084211894, -0.01016526562509473, -0.15832760589746475], [0.011875429360257931, 0.9998808792914103, 0.00985907728672021], [0.1582085256614231, -0.011614413554169053, 0.9873374133526146]], "fy": 582.9429472555296, "fx": 582.9429472555297}, {"id": 13, "img_name": "002414", "width": 960, "height": 540, "position": [4.745648250267655, -0.27647788552657865, -1.9070356797454047], "rotation": [[0.9876714062233843, -0.009924008738778144, -0.1562264618407364], [0.011568150477411294, 0.9998868259030573, 0.009618382402523476], [0.15611332814098344, -0.01130705249222181, 0.9876744298303383]], "fy": 582.9429472555296, "fx": 582.9429472555297}, {"id": 14, "img_name": "002415", "width": 960, "height": 540, "position": [4.654440864945513, -0.2888369107969271, -1.8546366950398203], "rotation": [[0.9883020177171007, -0.009687701217524129, -0.15220141333584128], [0.011173782146070996, 0.9998978596782414, 0.008911610596517426], [0.15209953441368507, -0.010508028168586066, 0.9883093204939172]], "fy": 582.9429472555296, "fx": 582.9429472555297}, {"id": 15, "img_name": "002416", "width": 960, "height": 540, "position": [4.6143739412473535, -0.29073344642241056, -1.8229386469526738], "rotation": [[0.9885781768652805, -0.009903073650733339, -0.1503832349631643], [0.01126358482383163, 0.9999029586220044, 0.008197865324502491], [0.15028745750272865, -0.009798085079773578, 0.9885937879868227]], "fy": 582.9429472555296, "fx": 582.9429472555297}, {"id": 16, "img_name": "002417", "width": 960, "height": 540, "position": [4.527240635027402, -0.2889355459030234, -1.779171427304028], "rotation": [[0.9892416204622679, -0.01002350022100975, -0.14594706502189592], [0.01109512029275328, 0.9999171229893248, 0.0065303490290066915], [0.1458695124104946, -0.008079393298430998, 0.9892708470146353]], "fy": 582.9429472555296, "fx": 582.9429472555297}, {"id": 17, "img_name": "002418", "width": 960, "height": 540, "position": [4.486842371589788, -0.28657590208272865, -1.7544304559394748], "rotation": [[0.9895264674625677, -0.009879212591998126, -0.14401309436858217], [0.010817768848607301, 0.9999250367712453, 0.005735565810080339], [0.14394563580807218, -0.0072333945409998705, 0.989559160401855]], "fy": 582.9429472555296, "fx": 582.9429472555297}, {"id": 18, "img_name": "002419", "width": 960, "height": 540, "position": [4.396603835130654, -0.2827511489059645, -1.7147520392661655], "rotation": [[0.9901647365919354, -0.010186357733787186, -0.13953505841164995], [0.010901036591582211, 0.999931082978724, 0.0043585197286716525], [0.1394810446299146, -0.005836729316624878, 0.990207539246108]], "fy": 582.9429472555296, "fx": 582.9429472555297}, {"id": 19, "img_name": "002420", "width": 960, "height": 540, "position": [4.356942827302657, -0.27791550221783, -1.6906307632672088], "rotation": [[0.9904522357081939, -0.010094022660214693, -0.13748628836060503], [0.010681705234462558, 0.9999366922096284, 0.0035373360245907664], [0.13744187845749353, -0.004972150380055364, 0.990497353740369]], "fy": 582.9429472555296, "fx": 582.9429472555297}, {"id": 20, "img_name": "002421", "width": 960, "height": 540, "position": [4.258971583243057, -0.27486166492919595, -1.6515320143588896], "rotation": [[0.9910730276176858, -0.00999682444756297, -0.1329447909084008], [0.010390480300440185, 0.9999434463543111, 0.0022676005355616946], [0.1329146035913284, -0.0036287179591864924, 0.9911208506323196]], "fy": 582.9429472555296, "fx": 582.9429472555297}, {"id": 21, "img_name": "002422", "width": 960, "height": 540, "position": [4.2087704203090075, -0.2713993964521991, -1.6314285751194237], "rotation": [[0.9913477694757085, -0.009969536912277248, -0.13088242162067615], [0.010285886898642745, 0.9999455828406358, 0.0017412318081268415], [0.13085794009629692, -0.003072408054937448, 0.9913963686752628]], "fy": 582.9429472555296, "fx": 582.9429472555297}, {"id": 22, "img_name": "002423", "width": 960, "height": 540, "position": [4.1067942354270555, -0.25831689076930553, -1.588106377549948], "rotation": [[0.9919000942908027, -0.010039446553799753, -0.126623111866634], [0.010190533861648067, 0.999947926391136, 0.0005454591475241768], [0.1266110420362747, -0.0018313980890051968, 0.9919507497933191]], "fy": 582.9429472555296, "fx": 582.9429472555297}, {"id": 23, "img_name": "002424", "width": 960, "height": 540, "position": [4.053340851757641, -0.250033173539848, -1.5702564225854496], "rotation": [[0.9921865057524181, -0.009887189308871036, -0.12437114331860709], [0.009981669811744023, 0.9999501725711315, 0.00013653839617890412], [0.12436359624333916, -0.001376903240921216, 0.9922357583089255]], "fy": 582.9429472555296, "fx": 582.9429472555297}, {"id": 24, "img_name": "002425", "width": 960, "height": 540, "position": [3.9384831817271064, -0.2320194955042357, -1.531554810390753], "rotation": [[0.9926827853351067, -0.00962372690925097, -0.12036723632164492], [0.009675952859177899, 0.9999531755352631, -0.0001505762608134891], [0.12036304929504539, -0.0010151932424480822, 0.9927294222229333]], "fy": 582.9429472555296, "fx": 582.9429472555297}, {"id": 25, "img_name": "002426", "width": 960, "height": 540, "position": [3.8857558970455823, -0.21946803965265335, -1.5080702371103964], "rotation": [[0.9929023116306563, -0.009647448294441452, -0.11854082123853064], [0.009663915390731862, 0.9999532082668495, -0.0004359084255925319], [0.11853947991205284, -0.000712753983366926, 0.9929490841346997]], "fy": 582.9429472555296, "fx": 582.9429472555297}, {"id": 26, "img_name": "002427", "width": 960, "height": 540, "position": [3.7659040472054843, -0.19910066505662852, -1.4704436024503615], "rotation": [[0.9934044421349816, -0.009198064478594243, -0.11429352543488086], [0.009149169258024585, 0.9999576919498265, -0.0009523719146835619], [0.11429744987695112, -9.960031868881485e-05, 0.9934465677787621]], "fy": 582.9429472555296, "fx": 582.9429472555297}, {"id": 27, "img_name": "002428", "width": 960, "height": 540, "position": [3.7039112659015676, -0.1892576236276103, -1.4536572647539783], "rotation": [[0.9936349873256355, -0.009089546194770703, -0.11228041731467409], [0.009026016905071937, 0.999958687771475, -0.0010741364805492931], [0.11228554217357455, 5.385464344581907e-05, 0.9936759804475823]], "fy": 582.9429472555296, "fx": 582.9429472555297}, {"id": 28, "img_name": "002429", "width": 960, "height": 540, "position": [3.588701081664888, -0.17024328956147222, -1.4201237643534943], "rotation": [[0.9940355401331514, -0.009169728908958086, -0.10867042386928495], [0.009080493791826393, 0.9999579055133551, -0.0013159915807923347], [0.10867791672962102, 0.000321361292523403, 0.9940769623838132]], "fy": 582.9429472555296, "fx": 582.9429472555297}, {"id": 29, "img_name": "002430", "width": 960, "height": 540, "position": [3.536767427618194, -0.16482154401425597, -1.3952456286336674], "rotation": [[0.9942081746039325, -0.00928643371491746, -0.10706945269111472], [0.009170844688462444, 0.9999567114249235, -0.0015719045620558047], [0.1070794151945952, 0.0005808830437842051, 0.9942503011900337]], "fy": 582.9429472555296, "fx": 582.9429472555297}, {"id": 30, "img_name": "002431", "width": 960, "height": 540, "position": [3.42234145700321, -0.15790594928443583, -1.3667327455222857], "rotation": [[0.9946379863024449, -0.008855351084570055, -0.10303814323533934], [0.008683935405414825, 0.9999600633820976, -0.002112085875596916], [0.10305273150233277, 0.0012059842620519856, 0.9946751631220455]], "fy": 582.9429472555296, "fx": 582.9429472555297}, {"id": 31, "img_name": "002432", "width": 960, "height": 540, "position": [3.3656201885952677, -0.1627848352383307, -1.3559826793153331], "rotation": [[0.9948273377907855, -0.008683777716928097, -0.10120849761092973], [0.00851932712770506, 0.9999615941949577, -0.0020569881793003194], [0.10122247304521725, 0.0011841197750293848, 0.9948631105890743]], "fy": 582.9429472555296, "fx": 582.9429472555297}, {"id": 32, "img_name": "002433", "width": 960, "height": 540, "position": [3.2507677840961535, -0.16924538966349129, -1.334678906992975], "rotation": [[0.9951815333062187, -0.00852011551972056, -0.09767867422223621], [0.008345810930661406, 0.9999627685807929, -0.0021929186362745373], [0.09769372142667505, 0.001367144383847023, 0.9952155885586002]], "fy": 582.9429472555296, "fx": 582.9429472555297}, {"id": 33, "img_name": "002434", "width": 960, "height": 540, "position": [3.1999060534604697, -0.1733049108485961, -1.3207514772095938], "rotation": [[0.9953448162174262, -0.008339733870297761, -0.09601638229005847], [0.008155435641548687, 0.9999640717488272, -0.002311726844318025], [0.09603221177602128, 0.0015179099047017087, 0.9953770693817127]], "fy": 582.9429472555296, "fx": 582.9429472555297}, {"id": 34, "img_name": "002435", "width": 960, "height": 540, "position": [3.087377839316718, -0.17353560077472358, -1.3043063036571831], "rotation": [[0.9957047753579736, -0.007710606599036852, -0.0922634644656386], [0.007512725778089638, 0.9999686742887037, -0.0024918653004563306], [0.09227978804001717, 0.001788012071346339, 0.9957315118706057]], "fy": 582.9429472555296, "fx": 582.9429472555297}, {"id": 35, "img_name": "002436", "width": 960, "height": 540, "position": [3.0340566800283737, -0.17539547525720664, -1.2940621389115359], "rotation": [[0.9958465443868006, -0.0075700809229543396, -0.09073232008324242], [0.007381451913084038, 0.9999698420949514, -0.0024143463406380667], [0.09074786058372317, 0.001734582202620333, 0.9958723899295829]], "fy": 582.9429472555296, "fx": 582.9429472555297}, {"id": 36, "img_name": "002437", "width": 960, "height": 540, "position": [2.920492415494985, -0.17619537904818341, -1.280893685136997], "rotation": [[0.9961692240471248, -0.007461031027824942, -0.08712755062178182], [0.007263794355106025, 0.9999702884678956, -0.0025805954740332365], [0.08714421583166636, 0.001937833180566498, 0.9961938217283063]], "fy": 582.9429472555296, "fx": 582.9429472555297}, {"id": 37, "img_name": "002438", "width": 960, "height": 540, "position": [2.8679207577008263, -0.17154975990356397, -1.2699221849328655], "rotation": [[0.9963118354617163, -0.007367343813702998, -0.0854894658074119], [0.007142271414664687, 0.9999701767019625, -0.0029383100049806933], [0.08550856376963199, 0.002316884066326607, 0.9963347417260316]], "fy": 582.9429472555296, "fx": 582.9429472555297}, {"id": 38, "img_name": "002439", "width": 960, "height": 540, "position": [2.772769498221251, -0.16753707094748002, -1.2606731510268332], "rotation": [[0.9966133941168239, -0.007151536450566792, -0.08191824090726194], [0.006917348939718222, 0.9999711378637507, -0.0031422480999778847], [0.08193834847365532, 0.0025649494871926703, 0.9966340993983389]], "fy": 582.9429472555296, "fx": 582.9429472555297}, {"id": 39, "img_name": "002440", "width": 960, "height": 540, "position": [2.7260737755841955, -0.15976996107313451, -1.2552492070935408], "rotation": [[0.9967688612299115, -0.007178782345586656, -0.08000188976805472], [0.006936048077599092, 0.99997046186415, -0.003311591198185927], [0.08002329985379582, 0.0027459940337447746, 0.996789210915365]], "fy": 582.9429472555296, "fx": 582.9429472555297}, {"id": 40, "img_name": "002441", "width": 960, "height": 540, "position": [2.6329211580403964, -0.1595794549061464, -1.2388440436865018], "rotation": [[0.9970923300586113, -0.0065578838341632485, -0.0759202179785253], [0.006325797833154757, 0.9999745565598629, -0.003297046356865081], [0.07593990795400817, 0.002807203683896667, 0.9971084444469488]], "fy": 582.9429472555296, "fx": 582.9429472555297}, {"id": 41, "img_name": "002442", "width": 960, "height": 540, "position": [2.5864000184579434, -0.1615091693244869, -1.2306006421839333], "rotation": [[0.9972498956708803, -0.006295691323322004, -0.07384449779895476], [0.006060520637481472, 0.9999758264354631, -0.0034083183999314972], [0.07386417043479908, 0.0029514090658698073, 0.99726394375336]], "fy": 582.9429472555296, "fx": 582.9429472555297}, {"id": 42, "img_name": "002443", "width": 960, "height": 540, "position": [2.4900498995902556, -0.1545743701099939, -1.2211792540928905], "rotation": [[0.9975228750806752, -0.0064954398869066345, -0.07004229401911069], [0.006260020605740461, 0.9999739972353474, -0.003580083124362367], [0.07006372694054802, 0.0031327486074087894, 0.9975375983156541]], "fy": 582.9429472555296, "fx": 582.9429472555297}, {"id": 43, "img_name": "002444", "width": 960, "height": 540, "position": [2.4529905595342965, -0.14907224197321184, -1.2002942587314744], "rotation": [[0.9976346493773243, -0.006632982804595037, -0.0684186370873987], [0.006410301558135066, 0.9999734202798046, -0.0034737253551461334], [0.06843985969971735, 0.0030269246807875048, 0.9976506519474939]], "fy": 582.9429472555296, "fx": 582.9429472555297}, {"id": 44, "img_name": "002445", "width": 960, "height": 540, "position": [2.3669502913998715, -0.13878350148420437, -1.170436929437597], "rotation": [[0.9979029032565908, -0.006619922914480145, -0.06438922497338812], [0.006401162373072659, 0.999973020752654, -0.0036031773597563137], [0.06441134055692993, 0.00318345526411828, 0.9979183557888094]], "fy": 582.9429472555296, "fx": 582.9429472555297}, {"id": 45, "img_name": "002446", "width": 960, "height": 540, "position": [2.320758915061991, -0.13841552350290967, -1.1547629222277553], "rotation": [[0.9980303296269591, -0.0064452668271107036, -0.0624012794759084], [0.006248033689485292, 0.9999748515622741, -0.0033553417147922063], [0.06242133625386544, 0.002958847501192689, 0.9980455009676397]], "fy": 582.9429472555296, "fx": 582.9429472555297}, {"id": 46, "img_name": "002447", "width": 960, "height": 540, "position": [2.2357858780989464, -0.13236648655554303, -1.1102698716845514], "rotation": [[0.9982472330008033, -0.006078986512762673, -0.05886856316590241], [0.005919740416689918, 0.9999783334040455, -0.002879131095771777], [0.05888478988362954, 0.00252559803715509, 0.9982615904034953]], "fy": 582.9429472555296, "fx": 582.9429472555297}, {"id": 47, "img_name": "002448", "width": 960, "height": 540, "position": [2.1961283290542655, -0.1314865095060343, -1.0836621369929127], "rotation": [[0.9983526587176651, -0.006246873113802996, -0.05703459833880848], [0.006103104788351913, 0.9999777454790172, -0.002694560937163517], [0.05705016164141489, 0.00234203394547065, 0.9983685661786865]], "fy": 582.9429472555296, "fx": 582.9429472555297}, {"id": 48, "img_name": "002449", "width": 960, "height": 540, "position": [2.105886521704828, -0.12101027638524621, -1.0409364954661604], "rotation": [[0.9985703987808835, -0.005822989929002873, -0.05313427770162951], [0.005696211402012819, 0.999980557881817, -0.0025371310635545446], [0.053148018347354505, 0.0022308398994112908, 0.9985841534388038]], "fy": 582.9429472555296, "fx": 582.9429472555297}, {"id": 49, "img_name": "002450", "width": 960, "height": 540, "position": [2.0646976298000452, -0.11017958036833578, -1.0158902872608007], "rotation": [[0.9986568346075199, -0.005668328143379408, -0.05150142471570678], [0.005543832360529743, 0.9999813563484016, -0.002559859052652214], [0.05151497466219879, 0.0022709054736107432, 0.9986696402584205]], "fy": 582.9429472555296, "fx": 582.9429472555297}, {"id": 50, "img_name": "002451", "width": 960, "height": 540, "position": [1.9760778278326427, -0.09908610693897842, -0.959934031232839], "rotation": [[0.9988344857696382, -0.00567014082369618, -0.04793244767734989], [0.005575250210816375, 0.9999822254591089, -0.0021131376989177364], [0.047943577488431366, 0.0018434394178408436, 0.9988483443990501]], "fy": 582.9429472555296, "fx": 582.9429472555297}, {"id": 51, "img_name": "002452", "width": 960, "height": 540, "position": [1.931759613414232, -0.0971635144098838, -0.9269195597438221], "rotation": [[0.9989218221109651, -0.005467620087848584, -0.04610095922087058], [0.0053898816777752795, 0.999983835678928, -0.0018104022642203938], [0.04611011262195096, 0.001559971613096417, 0.9989351450432392]], "fy": 582.9429472555296, "fx": 582.9429472555297}, {"id": 52, "img_name": "002453", "width": 960, "height": 540, "position": [1.8294549838228067, -0.10863206277938481, -0.8681823360590571], "rotation": [[0.9990838030372947, -0.005148526265535603, -0.04248584688845435], [0.0051012113920863725, 0.9999862420830901, -0.001222001175415361], [0.04249155387685116, 0.0010041522955002028, 0.9990963214461847]], "fy": 582.9429472555296, "fx": 582.9429472555297}, {"id": 53, "img_name": "002454", "width": 960, "height": 540, "position": [1.7775189256186954, -0.112110553984744, -0.8328092484407005], "rotation": [[0.9991513997161607, -0.004987585468161058, -0.0408852594028034], [0.004952009107568571, 0.9999872669321299, -0.0009713801561387589], [0.04088958364957135, 0.0007680916657345578, 0.9991633760222388]], "fy": 582.9429472555296, "fx": 582.9429472555297}, {"id": 54, "img_name": "002455", "width": 960, "height": 540, "position": [1.6698479139767894, -0.1279834781948453, -0.7617647063725765], "rotation": [[0.9992706560297028, -0.004445041701004521, -0.03792621260083324], [0.004438951376239636, 0.9999901178456777, -0.0002447890248161863], [0.037926925905570716, 7.625787579691594e-05, 0.9992805124068465]], "fy": 582.9429472555296, "fx": 582.9429472555297}, {"id": 55, "img_name": "002456", "width": 960, "height": 540, "position": [1.6094301820111654, -0.13381317503160456, -0.7307997786188786], "rotation": [[0.999336948614006, -0.004154210923536051, -0.036171890556758464], [0.004153583552542998, 0.9999913695573438, -9.249053875137224e-05], [0.036171962602537654, -5.781375690947557e-05, 0.9993455787559425]], "fy": 582.9429472555296, "fx": 582.9429472555297}, {"id": 56, "img_name": "002457", "width": 960, "height": 540, "position": [1.4975143818061674, -0.1433723835219147, -0.6674443092367506], "rotation": [[0.9994564399289441, -0.004267638167485174, -0.032689630604098505], [0.004279362277155275, 0.9999908018150683, 0.0002886931897774372], [0.032688097880755475, -0.0004284270397480082, 0.9994655095135648]], "fy": 582.9429472555296, "fx": 582.9429472555297}, {"id": 57, "img_name": "002458", "width": 960, "height": 540, "position": [1.4440905474533443, -0.14940486902851774, -0.6333184228209776], "rotation": [[0.9995049261100519, -0.004406974082594193, -0.031152548229238873], [0.004425736386090029, 0.9999900641514606, 0.0005333439778996233], [0.031149888269150338, -0.0006709528994393712, 0.9995144992860413]], "fy": 582.9429472555296, "fx": 582.9429472555297}, {"id": 58, "img_name": "002459", "width": 960, "height": 540, "position": [1.3397024045932138, -0.14724981214612679, -0.5797903763370712], "rotation": [[0.9996027005654843, -0.003988423328512247, -0.027902213201521094], [0.004003933921436858, 0.9999918592020324, 0.0005000428134336116], [0.027899991672818224, -0.0006115627646273346, 0.9996105323853094]], "fy": 582.9429472555296, "fx": 582.9429472555297}, {"id": 59, "img_name": "002460", "width": 960, "height": 540, "position": [1.2872731031874505, -0.14661326313431966, -0.5517863740321497], "rotation": [[0.9996462947398795, -0.003807514434289465, -0.026320870932828557], [0.003825909786439349, 0.9999924708610374, 0.000648564216682491], [0.026318203341717108, -0.0007490360937970404, 0.9996533354707493]], "fy": 582.9429472555296, "fx": 582.9429472555297}, {"id": 60, "img_name": "002461", "width": 960, "height": 540, "position": [1.1851902605933788, -0.13554559433301314, -0.5072258009725011], "rotation": [[0.9997212760065128, -0.003765295253990662, -0.023306498054406998], [0.0037815162892390138, 0.9999926375183549, 0.0006519537087255116], [0.023303871662537577, -0.0007399058956221043, 0.9997281541023046]], "fy": 582.9429472555296, "fx": 582.9429472555297}, {"id": 61, "img_name": "002462", "width": 960, "height": 540, "position": [1.1359836169800588, -0.1304597695436377, -0.47831452365234217], "rotation": [[0.9997551862606778, -0.0035874509872159317, -0.02183340881062183], [0.00360722263653415, 0.9999931187523372, 0.000866252171558319], [0.021830150932320446, -0.000944798067619383, 0.9997612474320473]], "fy": 582.9429472555296, "fx": 582.9429472555297}, {"id": 62, "img_name": "002463", "width": 960, "height": 540, "position": [1.029939063050125, -0.11945316432336438, -0.43024492887234256], "rotation": [[0.9998310789852068, -0.003490128129322387, -0.018045290269706957], [0.003506116436942407, 0.9999934885111809, 0.0008544488103737444], [0.018042190632172977, -0.0009175733648376238, 0.9998368053919161]], "fy": 582.9429472555296, "fx": 582.9429472555297}, {"id": 63, "img_name": "002464", "width": 960, "height": 540, "position": [0.9869448444555061, -0.10926898768448373, -0.4063133803628756], "rotation": [[0.9998560616931566, -0.0034844080566643508, -0.01660466187386849], [0.0034964975469427267, 0.9999936428600681, 0.0006991025351411278], [0.016602120357203567, -0.000757060067015704, 0.9998618886924832]], "fy": 582.9429472555296, "fx": 582.9429472555297}, {"id": 64, "img_name": "002465", "width": 960, "height": 540, "position": [0.8837671144014453, -0.09323492418145649, -0.36696764666659243], "rotation": [[0.9999056401042917, -0.0030191812118956136, -0.013401322040617579], [0.0030320518382398525, 0.9999949613433088, 0.0009401859628794615], [0.013398415924161796, -0.0009807307501581565, 0.9999097562369911]], "fy": 582.9429472555296, "fx": 582.9429472555297}, {"id": 65, "img_name": "002466", "width": 960, "height": 540, "position": [0.8300869821792163, -0.06927436921381533, -0.34584330351984993], "rotation": [[0.9999275781003831, -0.0029417483346740486, -0.011669818809120554], [0.0029467152159667787, 0.9999955750108263, 0.0004084460831531285], [0.011668565624713747, -0.0004428041353643064, 0.999931821926255]], "fy": 582.9429472555296, "fx": 582.9429472555297}, {"id": 66, "img_name": "002467", "width": 960, "height": 540, "position": [0.7090871288098158, -0.06542549114841477, -0.32260420853430716], "rotation": [[0.9999671100673637, -0.00266603721881604, -0.0076597016307945855], [0.0026735764184214333, 0.9999959514563378, 0.0009741971404184721], [0.007657073374323274, -0.000994643896792386, 0.9999701895110968]], "fy": 582.9429472555296, "fx": 582.9429472555297}, {"id": 67, "img_name": "002468", "width": 960, "height": 540, "position": [0.6808963518293413, -0.06176465284797037, -0.2956923724968841], "rotation": [[0.9999741649183882, -0.002676825958640905, -0.006671139224998164], [0.0026850082929081465, 0.9999956537483429, 0.0012178731014456498], [0.006667850196215973, -0.001235753701736946, 0.9999770060789144]], "fy": 582.9429472555296, "fx": 582.9429472555297}, {"id": 68, "img_name": "002469", "width": 960, "height": 540, "position": [0.5467857825588566, -0.033518465694228124, -0.2710543481383329], "rotation": [[0.9999932700005758, -0.0026864764287254546, -0.0024985591755008474], [0.002688825996852532, 0.9999959456591704, 0.0009374859894083064], [0.0024960305114775615, -0.0009441978709938986, 0.9999964391546932]], "fy": 582.9429472555296, "fx": 582.9429472555297}, {"id": 69, "img_name": "002470", "width": 960, "height": 540, "position": [0.5044236275294514, -0.022092922418461024, -0.24823616040358853], "rotation": [[0.9999951987735295, -0.0027566387281567554, -0.0014154055291441105], [0.0027579805856835626, 0.9999957483935034, 0.0009469625156467501], [0.0014127890778520226, -0.0009508616300355019, 0.9999985499435396]], "fy": 582.9429472555296, "fx": 582.9429472555297}, {"id": 70, "img_name": "002471", "width": 960, "height": 540, "position": [0.37629449559266487, -0.023523746493092388, -0.23439739331400727], "rotation": [[0.9999946264101814, -0.0021538346761515313, 0.002471466558454233], [0.0021505287177596326, 0.9999967904387467, 0.0013395291858077634], [-0.002474343750541037, -0.0013342070279184302, 0.9999960487494992]], "fy": 582.9429472555296, "fx": 582.9429472555297}, {"id": 71, "img_name": "002472", "width": 960, "height": 540, "position": [0.34488550631613735, -0.016151368519439283, -0.2101660962432581], "rotation": [[0.9999909673868707, -0.0023191107030309122, 0.0035618633069970118], [0.0023143468979472926, 0.9999964227692635, 0.0013409873647663064], [-0.0035649604635403695, -0.0013327318648507685, 0.9999927574151073]], "fy": 582.9429472555296, "fx": 582.9429472555297}, {"id": 72, "img_name": "002473", "width": 960, "height": 540, "position": [0.21689964009879398, -0.01012714825831126, -0.18637294970397442], "rotation": [[0.9999712150510921, -0.002373585201544611, 0.007206605479247461], [0.002363041500710028, 0.9999961257611061, 0.001471223179605609], [-0.0072100696327035, -0.0014541513226948458, 0.9999729498040546]], "fy": 582.9429472555296, "fx": 582.9429472555297}, {"id": 73, "img_name": "002474", "width": 960, "height": 540, "position": [0.16855272544910296, -0.010443000636278602, -0.18356001394282026], "rotation": [[0.9999593465197564, -0.0023692245496816358, 0.008700119701194671], [0.002356326066778654, 0.9999961100555779, 0.0014925150517848347], [-0.008703621961514021, -0.001471954057017644, 0.9999610393990385]], "fy": 582.9429472555296, "fx": 582.9429472555297}, {"id": 74, "img_name": "002475", "width": 960, "height": 540, "position": [0.030970577190490563, -0.017519234803974142, -0.1566649887886839], "rotation": [[0.9999175808129448, -0.001897197039526875, 0.012697725173471635], [0.001878899622187034, 0.9999971795881114, 0.001452773909512134], [-0.012700445559016827, -0.0014287964220364667, 0.9999183252763132]], "fy": 582.9429472555296, "fx": 582.9429472555297}, {"id": 75, "img_name": "002476", "width": 960, "height": 540, "position": [0.006629390927958896, -0.027639413485531263, -0.13426801409701736], "rotation": [[0.9999083417361564, -0.002276584168724564, 0.013346358715857655], [0.0022544532023652483, 0.9999960592260535, 0.0016730131864095867], [-0.013350114876209192, -0.0016427710997786523, 0.9999095337758841]], "fy": 582.9429472555296, "fx": 582.9429472555297}, {"id": 76, "img_name": "002477", "width": 960, "height": 540, "position": [-0.12697107163265534, -0.03998503640638576, -0.10694175124293147], "rotation": [[0.9998476812749023, -0.0019163179016911574, 0.017347679236754274], [0.0018879268920115662, 0.9999968519586241, 0.001652817259156354], [-0.017350791948844205, -0.0016198143539935606, 0.999848151581132]], "fy": 582.9429472555296, "fx": 582.9429472555297}, {"id": 77, "img_name": "002478", "width": 960, "height": 540, "position": [-0.17870912553094406, -0.04270780635685567, -0.09594700130789158], "rotation": [[0.9998235474322257, -0.001721883490632157, 0.018705857833428853], [0.0016923299125296684, 0.9999972949963379, 0.0015956251044840384], [-0.01870855471453957, -0.0015636870695861084, 0.9998237569008055]], "fy": 582.9429472555296, "fx": 582.9429472555297}, {"id": 78, "img_name": "002479", "width": 960, "height": 540, "position": [-0.29324093911125987, -0.044880233947289704, -0.07495806623888625], "rotation": [[0.9997537943688605, -0.0018414290556892441, 0.022112435055851], [0.0018077535368199431, 0.9999971758704523, 0.0015428150472530217], [-0.02211521359192535, -0.001502461364820665, 0.9997542997845176]], "fy": 582.9429472555296, "fx": 582.9429472555297}, {"id": 79, "img_name": "002480", "width": 960, "height": 540, "position": [-0.346818563454844, -0.04074333335122814, -0.06386317030189032], "rotation": [[0.9997128379222235, -0.0018479700389075395, 0.02389197983066951], [0.0018153013692911988, 0.9999973877249301, 0.0013889651740235792], [-0.023894484184272903, -0.0013451951721965554, 0.9997135810198421]], "fy": 582.9429472555296, "fx": 582.9429472555297}, {"id": 80, "img_name": "002481", "width": 960, "height": 540, "position": [-0.4563044626722599, -0.03189458072123803, -0.04561425285541568], "rotation": [[0.9996277387480685, -0.00139279391871724, 0.027247826528425893], [0.0013513203950857914, 0.9999979004865942, 0.001540440064832007], [-0.027249914836803276, -0.0015030460749753253, 0.9996275221270587]], "fy": 582.9429472555296, "fx": 582.9429472555297}, {"id": 81, "img_name": "002482", "width": 960, "height": 540, "position": [-0.49518468419516165, -0.026417518818914434, -0.030502411889337302], "rotation": [[0.9995963727781577, -0.001313524762522062, 0.0283789742846465], [0.0012683381463803297, 0.9999978992867503, 0.0016101988798785613], [-0.02838102970466051, -0.0015735548241376986, 0.9995959389063757]], "fy": 582.9429472555296, "fx": 582.9429472555297}, {"id": 82, "img_name": "002483", "width": 960, "height": 540, "position": [-0.6026773923910842, -0.01165727313062815, -0.003106079571412351], "rotation": [[0.9994871869106123, -0.0012290065827199213, 0.03199769904744142], [0.001183430864298203, 0.9999982582689321, 0.0014432430466921654], [-0.03199941707125973, -0.0014046358681273864, 0.9994869005170492]], "fy": 582.9429472555296, "fx": 582.9429472555297}, {"id": 83, "img_name": "002484", "width": 960, "height": 540, "position": [-0.6543237433953856, -0.012520644990205027, 0.019515325317082284], "rotation": [[0.99942641769277, -0.0011186683454721149, 0.03384647986024343], [0.0010628805371876394, 0.9999980470161483, 0.001666207926110923], [-0.03384827769267874, -0.001629277454028573, 0.9994256548399271]], "fy": 582.9429472555296, "fx": 582.9429472555297}, {"id": 84, "img_name": "002485", "width": 960, "height": 540, "position": [-0.7667273632502587, 0.001351160663029384, 0.05294888308561234], "rotation": [[0.9993008228675886, -0.0009521707790645288, 0.03737591185466621], [0.0008889464433875565, 0.9999981459771848, 0.0017081617059680715], [-0.03737746902053523, -0.0016737422144532251, 0.9992998165698915]], "fy": 582.9429472555296, "fx": 582.9429472555297}, {"id": 85, "img_name": "002486", "width": 960, "height": 540, "position": [-0.8138995820823188, 0.010634507100820489, 0.07548317998220098], "rotation": [[0.9992434813293601, -0.0010353144151200374, 0.03887664009199871], [0.000969679726336831, 0.9999980727652203, 0.0017070990226964533], [-0.03887833255181205, -0.0016681096806878475, 0.9992425594759684]], "fy": 582.9429472555296, "fx": 582.9429472555297}, {"id": 86, "img_name": "002487", "width": 960, "height": 540, "position": [-0.9157412706758254, 0.027642367846110735, 0.11637532157907475], "rotation": [[0.999108317772398, -0.0009237053678711415, 0.04221037936813872], [0.0008520537652112133, 0.9999981656212716, 0.0017154470184294677], [-0.042211886505935915, -0.0016779518721391253, 0.9991072720759892]], "fy": 582.9429472555296, "fx": 582.9429472555297}, {"id": 87, "img_name": "002488", "width": 960, "height": 540, "position": [-0.9677724276086501, 0.03174649921496648, 0.14187129765467624], "rotation": [[0.9990295328562246, -0.0008593456443188155, 0.04403696181774086], [0.0007688043438860867, 0.9999975559588469, 0.0020729245557436957], [-0.04403863554828189, -0.0020370570430337962, 0.9990277518555973]], "fy": 582.9429472555296, "fx": 582.9429472555297}, {"id": 88, "img_name": "002489", "width": 960, "height": 540, "position": [-1.081957287346479, 0.047736049193801325, 0.19176203759633145], "rotation": [[0.9988615679989913, -0.0008627881451926033, 0.04769511055876688], [0.0007534793178503808, 0.9999970486438043, 0.002309755960810415], [-0.047696962623568116, -0.00227118918134149, 0.998859270095737]], "fy": 582.9429472555296, "fx": 582.9429472555297}, {"id": 89, "img_name": "002490", "width": 960, "height": 540, "position": [-1.133114020497685, 0.06162263453263713, 0.22060505867336075], "rotation": [[0.9987858719683141, -0.0008500627523123456, 0.0492550439022396], [0.0007392957434069779, 0.9999971570259961, 0.0022670204518843245], [-0.049256830981075105, -0.002227853954507037, 0.9987836608938191]], "fy": 582.9429472555296, "fx": 582.9429472555297}, {"id": 90, "img_name": "002491", "width": 960, "height": 540, "position": [-1.24457379530062, 0.08171287330825679, 0.28315184244408453], "rotation": [[0.9986057167457117, -0.00034522066404926304, 0.052787340390253], [0.000218168577655728, 0.9999970658535642, 0.002412609942430573], [-0.05278801838727275, -0.0023977295418175426, 0.9986028620066084]], "fy": 582.9429472555296, "fx": 582.9429472555297}, {"id": 91, "img_name": "002492", "width": 960, "height": 540, "position": [-1.2948321652314199, 0.08308359764741059, 0.3167873991026184], "rotation": [[0.9985208860306255, -0.0005458368083119512, 0.05436673820262986], [0.0003942888544136841, 0.9999960073003165, 0.0027981993718539534], [-0.054368048492785606, -0.0027726243171498255, 0.9985171144539696]], "fy": 582.9429472555296, "fx": 582.9429472555297}, {"id": 92, "img_name": "002493", "width": 960, "height": 540, "position": [-1.4131062841636284, 0.09682977952867616, 0.3816224276573311], "rotation": [[0.9983152794924987, -0.00022737240898031873, 0.05802198750130961], [4.543293183206661e-05, 0.9999950785753609, 0.0031369987100138786], [-0.058022415217424364, -0.003129077634952205, 0.9983103766892796]], "fy": 582.9429472555296, "fx": 582.9429472555297}, {"id": 93, "img_name": "002494", "width": 960, "height": 540, "position": [-1.4652156751665417, 0.0911983216312959, 0.42194867646856365], "rotation": [[0.9982290699150653, -0.000122706525753799, 0.05948704833501272], [-0.000100259003365404, 0.9999929819257204, 0.003745136504599739], [-0.05948709040317779, -0.0037444682418707746, 0.9982220519668706]], "fy": 582.9429472555296, "fx": 582.9429472555297}, {"id": 94, "img_name": "002495", "width": 960, "height": 540, "position": [-1.5676969419405609, 0.08837266653447601, 0.5005341802596052], "rotation": [[0.9980272511860556, -0.00021159562023609265, 0.06278185340764561], [-6.10550341941904e-05, 0.9999905764913475, 0.004340875578191265], [-0.06278218029256714, -0.004336145269249488, 0.998017833348641]], "fy": 582.9429472555296, "fx": 582.9429472555297}, {"id": 95, "img_name": "002496", "width": 960, "height": 540, "position": [-1.6219809292711118, 0.08062053959154078, 0.5456536419859562], "rotation": [[0.9979151020996161, 9.836882573605872e-06, 0.06454028900422165], [-0.00031874952615987246, 0.9999885437663367, 0.00477605850264925], [-0.06453950263406347, -0.004786673094843283, 0.9979036728865321]], "fy": 582.9429472555296, "fx": 582.9429472555297}, {"id": 96, "img_name": "002497", "width": 960, "height": 540, "position": [-1.7373110586334766, 0.06494323765610206, 0.6288796981677851], "rotation": [[0.997676873722117, 0.0004976438782354517, 0.06812200812243978], [-0.0008742617292479458, 0.9999844988888617, 0.005498877014537114], [-0.06811821567313742, -0.00554565889346676, 0.9976618436930146]], "fy": 582.9429472555296, "fx": 582.9429472555297}, {"id": 97, "img_name": "002498", "width": 960, "height": 540, "position": [-1.7873269856196037, 0.06658260197303807, 0.668206615123929], "rotation": [[0.9975801547436296, 0.0005404876490895461, 0.06952368470368346], [-0.0009264415722506123, 0.9999843395156597, 0.005519277982042654], [-0.0695196128275267, -0.0055703318151647556, 0.9975650328854655]], "fy": 582.9429472555296, "fx": 582.9429472555297}, {"id": 98, "img_name": "002499", "width": 960, "height": 540, "position": [-1.881373332158706, 0.07436046010622915, 0.7513660768226458], "rotation": [[0.9973465942398648, 0.0004613777515947418, 0.07279806377035512], [-0.0008793082379847564, 0.9999833168601489, 0.005709012033438296], [-0.07279421525894052, -0.005757875645206703, 0.9973303610604108]], "fy": 582.9429472555296, "fx": 582.9429